18th Street
6
34.0426164 -118.5001481 34.0411322 -118.4984104
34.0411322 -118.4984104 34.0395903 -118.4966053
34.0395903 -118.4966053 34.0379395 -118.4946729
34.0379395 -118.4946729 34.0363939 -118.4928633
34.0363939 -118.4928633 34.0353076 -118.4915916
34.0353076 -118.4915916 34.0352087 -118.4914758
19th Helena Drive
1
34.0586398 -118.4803614 34.0583443 -118.4809622
19th Street
7
34.0434156 -118.4994193 34.0432984 -118.4992822
34.0432984 -118.4992822 34.0418242 -118.4975577
34.0418242 -118.4975577 34.0402817 -118.4957534
34.0402817 -118.4957534 34.0386298 -118.4938210
34.0386298 -118.4938210 34.0370890 -118.4920187
34.0370890 -118.4920187 34.0359966 -118.4907409
34.0359966 -118.4907409 34.0358984 -118.4906260